1 7 1 13 4 12 15 12 12 18 14 17 19 11 15 11 10 16
2 14 14 3 6 13 18 8 4 1 10 19 1 12 9 7 7 10
3 13 17 4 18 14 1 18 11 7 11 14 18 9 10 18 6 8
4 2 3 11 19 9 9 13 16 9 2 10 7 2 11 2 11 2
5 17 6 16 11 7 3 2 13 17 5 11 2 16 5 17 5 9
6 15 15 17 1 2 7 15 10 3 4 5 16 15 13 4 14 7
7 8 18 8 10 6 6 1 17 11 18 8 9 3 6 8 19 18
8 3 10 5 12 17 5 5 3 12 8 3 13 19 8 1 4 17
9 11 13 14 16 19 16 9 7 14 17 2 4 13 19 14 17 4
10 10 5 10 8 3 8 17 2 10 19 1 3 1 12 10 3 13
11 5 8 9 13 1 17 3 5 6 13 9 17 14 1 16 12 1
12 12 2 6 3 18 10 10 9 5 1 4 10 5 7 19 18 15
13 18 12 18 14 16 19 11 15 8 12 7 15 4 3 5 1 12
14 1 19 15 7 10 12 19 6 19 6 15 5 10 2 12 13 11
15 19 11 7 17 5 11 6 1 16 3 16 14 6 17 6 15 14
16 9 16 2 2 8 13 7 19 15 7 6 11 8 18 13 2 3
17 16 4 1 9 11 4 16 14 13 16 13 8 17 4 3 16 5
18 6 7 12 15 4 14 14 18 2 9 12 6 18 16 15 9 19
19 4 9 19 5 15 2 4 8 4 15 18 12 7 14 9 8 6

