1 2 6 4 11 10 4 13 15 19 15 17 15 6 6 14 16 8
2 5 3 13 5 4 3 18 6 5 8 7 2 11 14 6 1 9
3 18 10 17 8 1 10 1 19 12 10 10 11 9 5 5 14 15
4 11 11 8 15 12 11 17 7 8 14 19 19 19 15 18 7 13
5 14 15 6 1 15 15 2 13 6 18 15 3 2 4 8 8 6
6 9 8 1 4 7 6 4 5 3 19 12 12 16 11 12 19 19
7 12 5 9 10 17 1 6 2 15 13 2 9 17 3 4 3 4
8 7 18 16 2 6 13 14 12 16 7 8 17 18 1 13 12 1
9 3 12 10 13 3 14 9 3 2 5 3 5 1 7 16 15 14
10 6 19 7 7 11 19 8 17 9 16 6 8 12 19 2 18 11
11 8 13 5 19 19 5 11 11 14 9 1 1 8 16 9 11 18
12 4 9 15 17 16 8 7 18 4 6 18 16 3 12 3 5 2
13 15 14 19 6 14 7 16 4 17 2 11 7 7 13 19 17 5
14 16 2 3 16 9 9 15 14 1 1 4 10 13 2 7 9 12
15 10 16 2 12 2 17 12 8 13 4 13 18 10 9 1 2 7
16 19 7 12 14 5 18 5 16 18 11 14 4 15 17 17 10 3
17 17 4 11 18 18 16 19 1 10 17 9 14 4 10 11 13 10
18 1 1 18 3 13 12 10 9 11 12 16 6 14 8 10 4 17
19 13 17 14 9 8 2 3 10 7 3 5 13 5 18 15 6 16

