1 4 8 12 16 19 15 11 7 3 2 6 10 14 18 17 13 9
2 8 14 19 13 7 1 6 12 18 15 9 3 4 10 16 17 11
3 1 2 4 6 8 10 12 14 16 18 19 17 15 13 11 9 7
4 12 19 11 3 6 14 17 9 1 8 16 15 7 2 10 18 13
5 5 5 5 5 5 5 5 5 5 5 5 5 5 5 5 5 5
6 16 13 3 8 18 11 1 10 19 9 2 12 17 7 4 14 15
7 9 11 13 15 17 19 18 16 14 12 10 8 6 4 2 1 3
8 19 7 6 18 9 4 16 11 2 14 13 1 12 15 3 10 17
9 13 17 18 14 10 6 2 3 7 11 15 19 16 12 8 4 1
10 15 1 14 11 4 18 7 8 17 3 12 13 2 16 9 6 19
11 17 16 10 4 3 9 15 18 12 6 1 7 13 19 14 8 2
12 11 6 17 1 16 7 10 13 4 19 3 14 9 8 15 2 18
13 18 10 2 7 15 16 8 1 9 17 14 6 3 11 19 12 4
14 7 12 9 10 11 8 13 6 15 4 17 2 19 1 18 3 16
15 14 4 7 17 12 2 9 19 10 1 11 18 8 3 13 16 6
16 3 18 1 19 2 17 4 15 6 13 8 11 10 9 12 7 14
17 10 3 15 12 1 13 14 2 11 16 4 9 18 6 7 19 8
18 2 15 8 9 14 3 19 4 13 10 7 16 1 17 6 11 12
19 6 9 16 2 13 12 3 17 8 7 18 4 11 14 1 15 10

